[gd_scene load_steps=13 format=3 uid="uid://ba7ywxh0mgexs"]

[ext_resource type="PackedScene" uid="uid://dmnk2nko6unu3" path="res://meshes/hanging_plant.glb" id="1_qb1e3"]
[ext_resource type="PackedScene" uid="uid://b6120kuynkwk2" path="res://meshes/cat.glb" id="2_8u44m"]
[ext_resource type="PackedScene" uid="uid://dlrdmtqyyn0qb" path="res://meshes/main_size_reference.glb" id="3_83dx8"]
[ext_resource type="PackedScene" uid="uid://bmkn64bwcg6ii" path="res://scenes/shading_container.tscn" id="4_3m8i8"]
[ext_resource type="Texture2D" uid="uid://bcxqsep7o0ayg" path="res://sprites/funky_rug.png" id="5_gyvs0"]
[ext_resource type="Texture2D" uid="uid://dc7hgcmdxtno0" path="res://sprites/tiling_carpet.png" id="6_n3ruj"]

[sub_resource type="Shader" id="Shader_8qn7n"]
code = "// Sobel Edge Detection Shader written by absentSpaghetti
//
// This shader is a part of my tutorial/learning Github repository: https://github.com/absentSpaghetti/Shader-Basics-With-Spaghetti
// Feel free to use, edit and share this shader according to your needs
//
// MIT License 
//
// prerequisites: color-to-greyscale, simple-box-blur

shader_type spatial;
render_mode unshaded, cull_disabled;

uniform sampler2D screen_texture : hint_screen_texture, filter_linear_mipmap;
uniform float min_step : hint_range(0.0, 1.0, 0.01) = 0.4; // min step for the smoothstep() function
uniform float max_step : hint_range(0.0, 1.0, 0.01) = 0.6; // max step for the smoothstep() function

// x direction kernel
const mat3 kx = mat3(
	vec3(-1, 0, 1),
	vec3(-2, 0, 2),
	vec3(-1, 0, 1)
);
// y direction kernel 
const mat3 ky = mat3(
	vec3(-1, -2, -1),
	vec3(0, 0, 0),
	vec3(1, 2, 1)
);

// By using a different set of kernels we can get different results. This is a kernel for the laplace operator
//// x direction kernel
//const mat3 kx = mat3(
//	vec3(0, -1, 0),
//	vec3(-1, 4, -1),
//	vec3(-0, -1, 0)
//);
//// y direction kernel 
//const mat3 ky = mat3(
//	vec3(-1, -1, -1),
//	vec3(-1, 8, -1),
//	vec3(-1, -1, -1)
//);

void vertex() { 
	POSITION = vec4(VERTEX, 1.0);
}

void fragment() { 
	
	vec4 texture_color = texture(screen_texture, SCREEN_UV);
	
	mat3 I; // Matrix is essentially an array of vectors (in this case vector3s)
	for (int i = 0; i < 3; i++ ) {
		for (int j = 0; j < 3; j++) {
			vec3 sample_around_pixel = texelFetch(screen_texture, ivec2(FRAGCOORD.xy) + ivec2(i-1,j-1), 0).rgb;
			vec3 sample_grey = vec3(sample_around_pixel.r * 0.3, sample_around_pixel.g * 0.59, sample_around_pixel.b * 0.11);
			I[i][j] = sample_grey.r + sample_grey.g + sample_grey.b;
			
		}
	}
	
	// apply the sobel operator
	float gx = dot(kx[0], I[0]) + dot(kx[1], I[1]) + dot(kx[2], I[2]); // convolution of the image's and intensity's 'x' values
	float gy = dot(ky[0], I[0]) + dot(ky[1], I[1]) + dot(ky[2], I[2]); // convolution of the image's and intensity's 'y' values
	float g = sqrt(pow(gx, 2.0) + pow(gy, 2.0)); // combine x and y of the sobel and get rid of negative values
	
	
	// strength of the effect;
	g = smoothstep(min_step, max_step, g); // smoothstep() smooths out a value over a curve if it is within min and max steps. Otherwise, it returns 0 (if smaller than min_step) and 1 (if bigger than max_step)
	
	ALBEDO = texture_color.rgb - vec3(g);
	
//	//color + sobel edge detection
//	ALBEDO = texture_color.rgb * vec3(g);
	
//	//debug, uncomment to return to the screen_texture color
//	ALBEDO = texture_color.rgb;
}
"

[sub_resource type="ShaderMaterial" id="ShaderMaterial_y18s4"]
render_priority = -1
shader = SubResource("Shader_8qn7n")
shader_parameter/min_step = 0.13
shader_parameter/max_step = 1.0

[sub_resource type="QuadMesh" id="QuadMesh_1k5td"]
size = Vector2(2, 2)

[sub_resource type="StandardMaterial3D" id="StandardMaterial3D_mdlxv"]
albedo_texture = ExtResource("5_gyvs0")

[sub_resource type="QuadMesh" id="QuadMesh_fuq0v"]

[sub_resource type="StandardMaterial3D" id="StandardMaterial3D_r4vb0"]
albedo_texture = ExtResource("6_n3ruj")
uv1_scale = Vector3(2.36, 1.298, 1.18)

[node name="Node3D" type="Node3D"]

[node name="hanging_plant" parent="." instance=ExtResource("1_qb1e3")]
transform = Transform3D(-3.72629e-08, 0, -0.852476, 0, 0.852476, 0, 0.852476, 0, -3.72629e-08, 3.28809, 2.78208, -1.70461)

[node name="hanging_plant2" parent="." instance=ExtResource("1_qb1e3")]
transform = Transform3D(-3.72629e-08, 0, -0.852476, 0, 0.852476, 0, 0.852476, 0, -3.72629e-08, -3.19264, 2.78208, -1.70461)

[node name="Plant1" parent="hanging_plant2/Hanging Pot" index="0"]
transform = Transform3D(0.99672, 0.0800608, -0.0117989, -0.0805187, 0.995714, -0.0455099, 0.00810475, 0.0463107, 0.998894, 0.000998378, -0.438903, -0.000218868)

[node name="Plant2" parent="hanging_plant2/Hanging Pot" index="1"]
transform = Transform3D(0.998434, 0.0173997, 0.0531644, -0.0165441, 0.999727, -0.0164922, -0.0534369, 0.0155869, 0.99845, -0.0242646, -0.437188, -0.0835934)

[node name="Plant3" parent="hanging_plant2/Hanging Pot" index="2"]
transform = Transform3D(0.999055, 0.0159164, -0.040444, -0.0165718, 0.999736, -0.0159223, 0.0401799, 0.0165775, 0.999055, 0.0643862, -0.437188, -0.00164018)

[node name="Plant4" parent="hanging_plant2/Hanging Pot" index="3"]
transform = Transform3D(0.99524, -0.0599968, -0.0767951, 0.0557461, 0.996854, -0.0563479, 0.0799341, 0.0517987, 0.995453, 0, -0.433921, 0)

[node name="cat" parent="." instance=ExtResource("2_8u44m")]
transform = Transform3D(0.483481, 0, -0.875355, 0, 1, 0, 0.875355, 0, 0.483481, -0.225244, 0.300352, 0.498196)

[node name="MeshInstance3D9" type="MeshInstance3D" parent="."]
transform = Transform3D(-2.66529e-07, 0, -1, 0, 2.13918, 0, 6.09747, 0, -4.37114e-08, -1.47562, 0, 0)
visible = false
material_override = SubResource("ShaderMaterial_y18s4")
mesh = SubResource("QuadMesh_1k5td")

[node name="main_size_reference" parent="." instance=ExtResource("3_83dx8")]
transform = Transform3D(-4.37114e-08, 0, -1, 0, 1, 0, 1, 0, -4.37114e-08, 0, 0, 0.713876)

[node name="PlayerCamera" type="Camera3D" parent="."]
transform = Transform3D(0.999976, 0.00550131, -0.00429809, 0, 0.615661, 0.78801, 0.00698126, -0.787991, 0.615646, -0.0534222, 4.91945, 3.92424)

[node name="ShadingContainer" parent="." instance=ExtResource("4_3m8i8")]

[node name="rug" type="MeshInstance3D" parent="."]
transform = Transform3D(4, 0, 0, 0, -8.74228e-08, 2, 0, -2, -8.74228e-08, -0.00652909, 0.00679803, 0.53988)
visible = false
material_override = SubResource("StandardMaterial3D_mdlxv")
mesh = SubResource("QuadMesh_fuq0v")

[node name="carpet" type="MeshInstance3D" parent="."]
transform = Transform3D(7.2, 0, 0, 0, -9.61651e-08, 2, 0, -2.2, -8.74228e-08, -0.0273442, 0.00248695, 0.606315)
material_override = SubResource("StandardMaterial3D_r4vb0")
mesh = SubResource("QuadMesh_fuq0v")

[editable path="hanging_plant2"]
